<class 'pandas.core.frame.DataFrame'>
Int64Index: 925 entries, 0 to 925
Data columns (total 12 columns):
Survived           925 non-null int64
Pclass             925 non-null int64
Age                925 non-null float64
SibSp              925 non-null int64
Parch              925 non-null int64
Fare               925 non-null float64
SexOrd             925 non-null int64
TicketNumber       925 non-null int64
TicketPrefixOrd    925 non-null int64
CabinNumber        925 non-null int64
CabinClassOrd      925 non-null int64
EmbarkedOrd        925 non-null int64
dtypes: float64(2), int64(10)
memory usage: 93.9 KB
None
<class 'pandas.core.frame.DataFrame'>
Int64Index: 445 entries, 0 to 445
Data columns (total 11 columns):
Pclass             445 non-null int64
Age                445 non-null float64
SibSp              445 non-null int64
Parch              445 non-null int64
Fare               444 non-null float64
SexOrd             445 non-null int64
TicketNumber       445 non-null int64
TicketPrefixOrd    445 non-null int64
CabinNumber        445 non-null int64
CabinClassOrd      445 non-null int64
EmbarkedOrd        445 non-null int64
dtypes: float64(2), int64(9)
memory usage: 41.7 KB
None
<bound method DataFrame.info of      Pclass        Age  SibSp  Parch      Fare  SexOrd  TicketNumber  \
0         3  34.500000      0      0    7.8292       1        330911   
1         3  47.000000      1      0    7.0000       1        363272   
2         2  62.000000      0      0    9.6875       1        240276   
3         3  27.000000      0      0    8.6625       1        315154   
4         3  22.000000      1      1   12.2875       1       3101298   
5         3  14.000000      0      0    9.2250       1          7538   
6         3  30.000000      0      0    7.6292       1        330972   
7         2  26.000000      1      1   29.0000       1        248738   
8         3  18.000000      0      0    7.2292       1          2657   
9         3  21.000000      2      0   24.1500       1             4   
10        3  31.191341      0      0    7.8958       1        349220   
11        1  46.000000      0      0   26.0000       1           694   
12        1  23.000000      1      0   82.2667       1         21228   
13        2  63.000000      1      0   26.0000       1         24065   
14        1  47.000000      1      0   61.1750       1          5734   
15        2  24.000000      1      0   27.7208       1          2167   
16        2  35.000000      0      0   12.3500       1        233734   
17        3  21.000000      0      0    7.2250       1          2692   
18        3  27.000000      1      0    7.9250       1             2   
19        3  45.000000      0      0    7.2250       1          2696   
20        1  55.000000      1      0   59.4000       1         17603   
21        3   9.000000      0      1    3.1708       1         17368   
22        1  31.191341      0      0   31.6833       1         17598   
23        1  21.000000      0      1   61.3792       1         17597   
24        1  48.000000      1      3  262.3750       1         17608   
25        3  50.000000      1      0   14.5000       1             5   
26        1  22.000000      0      1   61.9792       1        113509   
27        3  22.500000      0      0    7.2250       1          2698   
28        1  41.000000      0      0   30.5000       1        113054   
29        3  31.191341      2      0   21.6792       1          2662   
..      ...        ...    ...    ...       ...     ...           ...   
415       3  38.500000      0      0    7.2500       1       3101262   
416       3  31.191341      0      0    8.0500       1        359309   
417       3  31.191341      1      1   22.3583       1          2668   
419       1  48.000000      1      3  262.3750       1         17608   
420       1  48.000000      1      3  262.3750       1         17608   
421       1  48.000000      1      3  262.3750       1         17608   
422       1  28.000000      3      2  263.0000       1         19950   
423       1  28.000000      3      2  263.0000       1         19950   
424       3  25.000000      0      0    7.6500       1        348122   
425       1  13.000000      2      2  262.3750       1         17608   
426       1  13.000000      2      2  262.3750       1         17608   
427       1  13.000000      2      2  262.3750       1         17608   
428       1  60.000000      1      4  263.0000       1         19950   
429       1  60.000000      1      4  263.0000       1         19950   
430       1  67.000000      1      0  221.7792       1         17483   
431       1  63.000000      1      0  221.7792       1         17483   
432       1  61.000000      1      3  262.3750       1         17608   
433       1  61.000000      1      3  262.3750       1         17608   
434       1  61.000000      1      3  262.3750       1         17608   
435       1  27.000000      1      1  247.5208       1         17558   
436       1  47.000000      1      0  227.5250       1         17757   
437       3  31.191341      0      0    7.2292       1          2655   
438       1  30.000000      1      2  151.5500       1        113781   
439       3  25.000000      0      0    7.2292       1          2654   
440       1  58.000000      0      1  512.3292       1         17755   
441       1  58.000000      0      1  512.3292       1         17755   
442       1  45.000000      0      1   63.3583       1         17759   
443       1  31.000000      0      0  134.5000       1         16966   
444       1  49.000000      0      0    0.0000       1        112058   
445       1  49.000000      0      0    0.0000       1        112058   

     TicketPrefixOrd  CabinNumber  CabinClassOrd  EmbarkedOrd  
0                  0           -1              0           81  
1                  0           -1              0           83  
2                  0           -1              0           81  
3                  0           -1              0           83  
4                  0           -1              0           83  
5                  0           -1              0           83  
6                  0           -1              0           81  
7                  0           -1              0           83  
8                  0           -1              0           67  
9                  2           -1              0           83  
10                 0           -1              0           83  
11                 0           -1              0           83  
12                 0           45             66           83  
13                 0           -1              0           83  
14                22           31             69           83  
15                14           -1              0           67  
16                 0           -1              0           81  
17                 0           -1              0           67  
18                19           -1              0           83  
19                 0           -1              0           67  
20                 9           -1              0           67  
21                 4           -1              0           83  
22                 9           -1              0           83  
23                 9           -1              0           67  
24                 9           57             66           67  
25                 2           -1              0           83  
26                 0           36             66           67  
27                 0           -1              0           67  
28                 0           21             65           83  
29                 0           -1              0           67  
..               ...          ...            ...          ...  
415               18           -1              0           83  
416                0           -1              0           83  
417                0           -1              0           67  
419                9           59             66           67  
420                9           63             66           67  
421                9           66             66           67  
422                0           25             67           83  
423                0           27             67           83  
424                0           63             71           83  
425                9           59             66           67  
426                9           63             66           67  
427                9           66             66           67  
428                0           25             67           83  
429                0           27             67           83  
430                9           57             67           83  
431                9           57             67           83  
432                9           59             66           67  
433                9           63             66           67  
434                9           66             66           67  
435                9           60             66           67  
436                9           64             67           67  
437                0           46             69           67  
438                0           26             67           83  
439                0           57             69           67  
440                9           53             66           67  
441                9           55             66           67  
442                9           12             68           67  
443                0           41             69           67  
444                0           54             66           83  
445                0           56             66           83  

[445 rows x 11 columns]>
RMSE: 0.0
10 Most Important Variables:[('Survived', 0.78048000249861493), ('Fare', 0.049432298923705258), ('CabinNumber', 0.032040197831239979), ('TicketNumber', 0.031818431714595093), ('Age', 0.030961166552818855), ('Pclass', 0.022776570699446767), ('CabinClassOrd', 0.021887905381516432), ('EmbarkedOrd', 0.0098734724541111804), ('Parch', 0.007576826912872852), ('SibSp', 0.0071714303090986429)]
